{
 "cells": [
  {
   "cell_type": "code",
   "execution_count": 1,
   "metadata": {},
   "outputs": [],
   "source": [
    "import pandas as pd\n",
    "import numpy as np\n",
    "import matplotlib.pyplot as plt\n",
    "%matplotlib inline\n",
    "import seaborn as sb"
   ]
  },
  {
   "cell_type": "code",
   "execution_count": 2,
   "metadata": {},
   "outputs": [
    {
     "data": {
      "text/html": [
       "<div>\n",
       "<style scoped>\n",
       "    .dataframe tbody tr th:only-of-type {\n",
       "        vertical-align: middle;\n",
       "    }\n",
       "\n",
       "    .dataframe tbody tr th {\n",
       "        vertical-align: top;\n",
       "    }\n",
       "\n",
       "    .dataframe thead th {\n",
       "        text-align: right;\n",
       "    }\n",
       "</style>\n",
       "<table border=\"1\" class=\"dataframe\">\n",
       "  <thead>\n",
       "    <tr style=\"text-align: right;\">\n",
       "      <th></th>\n",
       "      <th>University</th>\n",
       "      <th>Private</th>\n",
       "      <th>Apps</th>\n",
       "      <th>Accept</th>\n",
       "      <th>Enroll</th>\n",
       "      <th>Top10perc</th>\n",
       "      <th>Top25perc</th>\n",
       "      <th>F.Undergrad</th>\n",
       "      <th>P.Undergrad</th>\n",
       "      <th>Outstate</th>\n",
       "      <th>Room.Board</th>\n",
       "      <th>Books</th>\n",
       "      <th>Personal</th>\n",
       "      <th>PhD</th>\n",
       "      <th>Terminal</th>\n",
       "      <th>S.F.Ratio</th>\n",
       "      <th>perc.alumni</th>\n",
       "      <th>Expend</th>\n",
       "      <th>Grad.Rate</th>\n",
       "    </tr>\n",
       "  </thead>\n",
       "  <tbody>\n",
       "    <tr>\n",
       "      <td>0</td>\n",
       "      <td>Abilene Christian University</td>\n",
       "      <td>Yes</td>\n",
       "      <td>1660</td>\n",
       "      <td>1232</td>\n",
       "      <td>721</td>\n",
       "      <td>23</td>\n",
       "      <td>52</td>\n",
       "      <td>2885</td>\n",
       "      <td>537</td>\n",
       "      <td>7440</td>\n",
       "      <td>3300</td>\n",
       "      <td>450</td>\n",
       "      <td>2200</td>\n",
       "      <td>70</td>\n",
       "      <td>78</td>\n",
       "      <td>18.1</td>\n",
       "      <td>12</td>\n",
       "      <td>7041</td>\n",
       "      <td>60</td>\n",
       "    </tr>\n",
       "    <tr>\n",
       "      <td>1</td>\n",
       "      <td>Adelphi University</td>\n",
       "      <td>Yes</td>\n",
       "      <td>2186</td>\n",
       "      <td>1924</td>\n",
       "      <td>512</td>\n",
       "      <td>16</td>\n",
       "      <td>29</td>\n",
       "      <td>2683</td>\n",
       "      <td>1227</td>\n",
       "      <td>12280</td>\n",
       "      <td>6450</td>\n",
       "      <td>750</td>\n",
       "      <td>1500</td>\n",
       "      <td>29</td>\n",
       "      <td>30</td>\n",
       "      <td>12.2</td>\n",
       "      <td>16</td>\n",
       "      <td>10527</td>\n",
       "      <td>56</td>\n",
       "    </tr>\n",
       "    <tr>\n",
       "      <td>2</td>\n",
       "      <td>Adrian College</td>\n",
       "      <td>Yes</td>\n",
       "      <td>1428</td>\n",
       "      <td>1097</td>\n",
       "      <td>336</td>\n",
       "      <td>22</td>\n",
       "      <td>50</td>\n",
       "      <td>1036</td>\n",
       "      <td>99</td>\n",
       "      <td>11250</td>\n",
       "      <td>3750</td>\n",
       "      <td>400</td>\n",
       "      <td>1165</td>\n",
       "      <td>53</td>\n",
       "      <td>66</td>\n",
       "      <td>12.9</td>\n",
       "      <td>30</td>\n",
       "      <td>8735</td>\n",
       "      <td>54</td>\n",
       "    </tr>\n",
       "    <tr>\n",
       "      <td>3</td>\n",
       "      <td>Agnes Scott College</td>\n",
       "      <td>Yes</td>\n",
       "      <td>417</td>\n",
       "      <td>349</td>\n",
       "      <td>137</td>\n",
       "      <td>60</td>\n",
       "      <td>89</td>\n",
       "      <td>510</td>\n",
       "      <td>63</td>\n",
       "      <td>12960</td>\n",
       "      <td>5450</td>\n",
       "      <td>450</td>\n",
       "      <td>875</td>\n",
       "      <td>92</td>\n",
       "      <td>97</td>\n",
       "      <td>7.7</td>\n",
       "      <td>37</td>\n",
       "      <td>19016</td>\n",
       "      <td>59</td>\n",
       "    </tr>\n",
       "    <tr>\n",
       "      <td>4</td>\n",
       "      <td>Alaska Pacific University</td>\n",
       "      <td>Yes</td>\n",
       "      <td>193</td>\n",
       "      <td>146</td>\n",
       "      <td>55</td>\n",
       "      <td>16</td>\n",
       "      <td>44</td>\n",
       "      <td>249</td>\n",
       "      <td>869</td>\n",
       "      <td>7560</td>\n",
       "      <td>4120</td>\n",
       "      <td>800</td>\n",
       "      <td>1500</td>\n",
       "      <td>76</td>\n",
       "      <td>72</td>\n",
       "      <td>11.9</td>\n",
       "      <td>2</td>\n",
       "      <td>10922</td>\n",
       "      <td>15</td>\n",
       "    </tr>\n",
       "  </tbody>\n",
       "</table>\n",
       "</div>"
      ],
      "text/plain": [
       "                     University Private  Apps  Accept  Enroll  Top10perc  \\\n",
       "0  Abilene Christian University     Yes  1660    1232     721         23   \n",
       "1            Adelphi University     Yes  2186    1924     512         16   \n",
       "2                Adrian College     Yes  1428    1097     336         22   \n",
       "3           Agnes Scott College     Yes   417     349     137         60   \n",
       "4     Alaska Pacific University     Yes   193     146      55         16   \n",
       "\n",
       "   Top25perc  F.Undergrad  P.Undergrad  Outstate  Room.Board  Books  Personal  \\\n",
       "0         52         2885          537      7440        3300    450      2200   \n",
       "1         29         2683         1227     12280        6450    750      1500   \n",
       "2         50         1036           99     11250        3750    400      1165   \n",
       "3         89          510           63     12960        5450    450       875   \n",
       "4         44          249          869      7560        4120    800      1500   \n",
       "\n",
       "   PhD  Terminal  S.F.Ratio  perc.alumni  Expend  Grad.Rate  \n",
       "0   70        78       18.1           12    7041         60  \n",
       "1   29        30       12.2           16   10527         56  \n",
       "2   53        66       12.9           30    8735         54  \n",
       "3   92        97        7.7           37   19016         59  \n",
       "4   76        72       11.9            2   10922         15  "
      ]
     },
     "execution_count": 2,
     "metadata": {},
     "output_type": "execute_result"
    }
   ],
   "source": [
    "data = pd.read_csv('College.csv')\n",
    "data = pd.DataFrame(data)\n",
    "data.head()"
   ]
  },
  {
   "cell_type": "code",
   "execution_count": 3,
   "metadata": {},
   "outputs": [
    {
     "data": {
      "text/plain": [
       "(777, 19)"
      ]
     },
     "execution_count": 3,
     "metadata": {},
     "output_type": "execute_result"
    }
   ],
   "source": [
    "data.shape"
   ]
  },
  {
   "cell_type": "code",
   "execution_count": 4,
   "metadata": {},
   "outputs": [
    {
     "data": {
      "text/plain": [
       "University     0\n",
       "Private        0\n",
       "Apps           0\n",
       "Accept         0\n",
       "Enroll         0\n",
       "Top10perc      0\n",
       "Top25perc      0\n",
       "F.Undergrad    0\n",
       "P.Undergrad    0\n",
       "Outstate       0\n",
       "Room.Board     0\n",
       "Books          0\n",
       "Personal       0\n",
       "PhD            0\n",
       "Terminal       0\n",
       "S.F.Ratio      0\n",
       "perc.alumni    0\n",
       "Expend         0\n",
       "Grad.Rate      0\n",
       "dtype: int64"
      ]
     },
     "execution_count": 4,
     "metadata": {},
     "output_type": "execute_result"
    }
   ],
   "source": [
    "data.isnull().sum()"
   ]
  },
  {
   "cell_type": "code",
   "execution_count": 5,
   "metadata": {},
   "outputs": [
    {
     "data": {
      "text/html": [
       "<div>\n",
       "<style scoped>\n",
       "    .dataframe tbody tr th:only-of-type {\n",
       "        vertical-align: middle;\n",
       "    }\n",
       "\n",
       "    .dataframe tbody tr th {\n",
       "        vertical-align: top;\n",
       "    }\n",
       "\n",
       "    .dataframe thead th {\n",
       "        text-align: right;\n",
       "    }\n",
       "</style>\n",
       "<table border=\"1\" class=\"dataframe\">\n",
       "  <thead>\n",
       "    <tr style=\"text-align: right;\">\n",
       "      <th></th>\n",
       "      <th>Apps</th>\n",
       "      <th>Accept</th>\n",
       "      <th>Enroll</th>\n",
       "      <th>Top10perc</th>\n",
       "      <th>Top25perc</th>\n",
       "      <th>F.Undergrad</th>\n",
       "      <th>P.Undergrad</th>\n",
       "      <th>Outstate</th>\n",
       "      <th>Room.Board</th>\n",
       "      <th>Books</th>\n",
       "      <th>Personal</th>\n",
       "      <th>PhD</th>\n",
       "      <th>Terminal</th>\n",
       "      <th>S.F.Ratio</th>\n",
       "      <th>perc.alumni</th>\n",
       "      <th>Expend</th>\n",
       "      <th>Grad.Rate</th>\n",
       "    </tr>\n",
       "  </thead>\n",
       "  <tbody>\n",
       "    <tr>\n",
       "      <td>count</td>\n",
       "      <td>777.000000</td>\n",
       "      <td>777.000000</td>\n",
       "      <td>777.000000</td>\n",
       "      <td>777.000000</td>\n",
       "      <td>777.000000</td>\n",
       "      <td>777.000000</td>\n",
       "      <td>777.000000</td>\n",
       "      <td>777.000000</td>\n",
       "      <td>777.000000</td>\n",
       "      <td>777.000000</td>\n",
       "      <td>777.000000</td>\n",
       "      <td>777.000000</td>\n",
       "      <td>777.000000</td>\n",
       "      <td>777.000000</td>\n",
       "      <td>777.000000</td>\n",
       "      <td>777.000000</td>\n",
       "      <td>777.00000</td>\n",
       "    </tr>\n",
       "    <tr>\n",
       "      <td>mean</td>\n",
       "      <td>3001.638353</td>\n",
       "      <td>2018.804376</td>\n",
       "      <td>779.972973</td>\n",
       "      <td>27.558559</td>\n",
       "      <td>55.796654</td>\n",
       "      <td>3699.907336</td>\n",
       "      <td>855.298584</td>\n",
       "      <td>10440.669241</td>\n",
       "      <td>4357.526384</td>\n",
       "      <td>549.380952</td>\n",
       "      <td>1340.642214</td>\n",
       "      <td>72.660232</td>\n",
       "      <td>79.702703</td>\n",
       "      <td>14.089704</td>\n",
       "      <td>22.743887</td>\n",
       "      <td>9660.171171</td>\n",
       "      <td>65.46332</td>\n",
       "    </tr>\n",
       "    <tr>\n",
       "      <td>std</td>\n",
       "      <td>3870.201484</td>\n",
       "      <td>2451.113971</td>\n",
       "      <td>929.176190</td>\n",
       "      <td>17.640364</td>\n",
       "      <td>19.804778</td>\n",
       "      <td>4850.420531</td>\n",
       "      <td>1522.431887</td>\n",
       "      <td>4023.016484</td>\n",
       "      <td>1096.696416</td>\n",
       "      <td>165.105360</td>\n",
       "      <td>677.071454</td>\n",
       "      <td>16.328155</td>\n",
       "      <td>14.722359</td>\n",
       "      <td>3.958349</td>\n",
       "      <td>12.391801</td>\n",
       "      <td>5221.768440</td>\n",
       "      <td>17.17771</td>\n",
       "    </tr>\n",
       "    <tr>\n",
       "      <td>min</td>\n",
       "      <td>81.000000</td>\n",
       "      <td>72.000000</td>\n",
       "      <td>35.000000</td>\n",
       "      <td>1.000000</td>\n",
       "      <td>9.000000</td>\n",
       "      <td>139.000000</td>\n",
       "      <td>1.000000</td>\n",
       "      <td>2340.000000</td>\n",
       "      <td>1780.000000</td>\n",
       "      <td>96.000000</td>\n",
       "      <td>250.000000</td>\n",
       "      <td>8.000000</td>\n",
       "      <td>24.000000</td>\n",
       "      <td>2.500000</td>\n",
       "      <td>0.000000</td>\n",
       "      <td>3186.000000</td>\n",
       "      <td>10.00000</td>\n",
       "    </tr>\n",
       "    <tr>\n",
       "      <td>25%</td>\n",
       "      <td>776.000000</td>\n",
       "      <td>604.000000</td>\n",
       "      <td>242.000000</td>\n",
       "      <td>15.000000</td>\n",
       "      <td>41.000000</td>\n",
       "      <td>992.000000</td>\n",
       "      <td>95.000000</td>\n",
       "      <td>7320.000000</td>\n",
       "      <td>3597.000000</td>\n",
       "      <td>470.000000</td>\n",
       "      <td>850.000000</td>\n",
       "      <td>62.000000</td>\n",
       "      <td>71.000000</td>\n",
       "      <td>11.500000</td>\n",
       "      <td>13.000000</td>\n",
       "      <td>6751.000000</td>\n",
       "      <td>53.00000</td>\n",
       "    </tr>\n",
       "    <tr>\n",
       "      <td>50%</td>\n",
       "      <td>1558.000000</td>\n",
       "      <td>1110.000000</td>\n",
       "      <td>434.000000</td>\n",
       "      <td>23.000000</td>\n",
       "      <td>54.000000</td>\n",
       "      <td>1707.000000</td>\n",
       "      <td>353.000000</td>\n",
       "      <td>9990.000000</td>\n",
       "      <td>4200.000000</td>\n",
       "      <td>500.000000</td>\n",
       "      <td>1200.000000</td>\n",
       "      <td>75.000000</td>\n",
       "      <td>82.000000</td>\n",
       "      <td>13.600000</td>\n",
       "      <td>21.000000</td>\n",
       "      <td>8377.000000</td>\n",
       "      <td>65.00000</td>\n",
       "    </tr>\n",
       "    <tr>\n",
       "      <td>75%</td>\n",
       "      <td>3624.000000</td>\n",
       "      <td>2424.000000</td>\n",
       "      <td>902.000000</td>\n",
       "      <td>35.000000</td>\n",
       "      <td>69.000000</td>\n",
       "      <td>4005.000000</td>\n",
       "      <td>967.000000</td>\n",
       "      <td>12925.000000</td>\n",
       "      <td>5050.000000</td>\n",
       "      <td>600.000000</td>\n",
       "      <td>1700.000000</td>\n",
       "      <td>85.000000</td>\n",
       "      <td>92.000000</td>\n",
       "      <td>16.500000</td>\n",
       "      <td>31.000000</td>\n",
       "      <td>10830.000000</td>\n",
       "      <td>78.00000</td>\n",
       "    </tr>\n",
       "    <tr>\n",
       "      <td>max</td>\n",
       "      <td>48094.000000</td>\n",
       "      <td>26330.000000</td>\n",
       "      <td>6392.000000</td>\n",
       "      <td>96.000000</td>\n",
       "      <td>100.000000</td>\n",
       "      <td>31643.000000</td>\n",
       "      <td>21836.000000</td>\n",
       "      <td>21700.000000</td>\n",
       "      <td>8124.000000</td>\n",
       "      <td>2340.000000</td>\n",
       "      <td>6800.000000</td>\n",
       "      <td>103.000000</td>\n",
       "      <td>100.000000</td>\n",
       "      <td>39.800000</td>\n",
       "      <td>64.000000</td>\n",
       "      <td>56233.000000</td>\n",
       "      <td>118.00000</td>\n",
       "    </tr>\n",
       "  </tbody>\n",
       "</table>\n",
       "</div>"
      ],
      "text/plain": [
       "               Apps        Accept       Enroll   Top10perc   Top25perc  \\\n",
       "count    777.000000    777.000000   777.000000  777.000000  777.000000   \n",
       "mean    3001.638353   2018.804376   779.972973   27.558559   55.796654   \n",
       "std     3870.201484   2451.113971   929.176190   17.640364   19.804778   \n",
       "min       81.000000     72.000000    35.000000    1.000000    9.000000   \n",
       "25%      776.000000    604.000000   242.000000   15.000000   41.000000   \n",
       "50%     1558.000000   1110.000000   434.000000   23.000000   54.000000   \n",
       "75%     3624.000000   2424.000000   902.000000   35.000000   69.000000   \n",
       "max    48094.000000  26330.000000  6392.000000   96.000000  100.000000   \n",
       "\n",
       "        F.Undergrad   P.Undergrad      Outstate   Room.Board        Books  \\\n",
       "count    777.000000    777.000000    777.000000   777.000000   777.000000   \n",
       "mean    3699.907336    855.298584  10440.669241  4357.526384   549.380952   \n",
       "std     4850.420531   1522.431887   4023.016484  1096.696416   165.105360   \n",
       "min      139.000000      1.000000   2340.000000  1780.000000    96.000000   \n",
       "25%      992.000000     95.000000   7320.000000  3597.000000   470.000000   \n",
       "50%     1707.000000    353.000000   9990.000000  4200.000000   500.000000   \n",
       "75%     4005.000000    967.000000  12925.000000  5050.000000   600.000000   \n",
       "max    31643.000000  21836.000000  21700.000000  8124.000000  2340.000000   \n",
       "\n",
       "          Personal         PhD    Terminal   S.F.Ratio  perc.alumni  \\\n",
       "count   777.000000  777.000000  777.000000  777.000000   777.000000   \n",
       "mean   1340.642214   72.660232   79.702703   14.089704    22.743887   \n",
       "std     677.071454   16.328155   14.722359    3.958349    12.391801   \n",
       "min     250.000000    8.000000   24.000000    2.500000     0.000000   \n",
       "25%     850.000000   62.000000   71.000000   11.500000    13.000000   \n",
       "50%    1200.000000   75.000000   82.000000   13.600000    21.000000   \n",
       "75%    1700.000000   85.000000   92.000000   16.500000    31.000000   \n",
       "max    6800.000000  103.000000  100.000000   39.800000    64.000000   \n",
       "\n",
       "             Expend  Grad.Rate  \n",
       "count    777.000000  777.00000  \n",
       "mean    9660.171171   65.46332  \n",
       "std     5221.768440   17.17771  \n",
       "min     3186.000000   10.00000  \n",
       "25%     6751.000000   53.00000  \n",
       "50%     8377.000000   65.00000  \n",
       "75%    10830.000000   78.00000  \n",
       "max    56233.000000  118.00000  "
      ]
     },
     "execution_count": 5,
     "metadata": {},
     "output_type": "execute_result"
    }
   ],
   "source": [
    "data.describe()"
   ]
  },
  {
   "cell_type": "code",
   "execution_count": 6,
   "metadata": {},
   "outputs": [
    {
     "data": {
      "text/html": [
       "<div>\n",
       "<style scoped>\n",
       "    .dataframe tbody tr th:only-of-type {\n",
       "        vertical-align: middle;\n",
       "    }\n",
       "\n",
       "    .dataframe tbody tr th {\n",
       "        vertical-align: top;\n",
       "    }\n",
       "\n",
       "    .dataframe thead th {\n",
       "        text-align: right;\n",
       "    }\n",
       "</style>\n",
       "<table border=\"1\" class=\"dataframe\">\n",
       "  <thead>\n",
       "    <tr style=\"text-align: right;\">\n",
       "      <th></th>\n",
       "      <th>Apps</th>\n",
       "      <th>Accept</th>\n",
       "      <th>Enroll</th>\n",
       "      <th>Top10perc</th>\n",
       "      <th>Top25perc</th>\n",
       "      <th>F.Undergrad</th>\n",
       "      <th>P.Undergrad</th>\n",
       "      <th>Outstate</th>\n",
       "      <th>Room.Board</th>\n",
       "      <th>Books</th>\n",
       "      <th>Personal</th>\n",
       "      <th>PhD</th>\n",
       "      <th>Terminal</th>\n",
       "      <th>S.F.Ratio</th>\n",
       "      <th>perc.alumni</th>\n",
       "      <th>Expend</th>\n",
       "      <th>Grad.Rate</th>\n",
       "    </tr>\n",
       "  </thead>\n",
       "  <tbody>\n",
       "    <tr>\n",
       "      <td>Apps</td>\n",
       "      <td>1.000000</td>\n",
       "      <td>0.943451</td>\n",
       "      <td>0.846822</td>\n",
       "      <td>0.338834</td>\n",
       "      <td>0.351640</td>\n",
       "      <td>0.814491</td>\n",
       "      <td>0.398264</td>\n",
       "      <td>0.050159</td>\n",
       "      <td>0.164939</td>\n",
       "      <td>0.132559</td>\n",
       "      <td>0.178731</td>\n",
       "      <td>0.390697</td>\n",
       "      <td>0.369491</td>\n",
       "      <td>0.095633</td>\n",
       "      <td>-0.090226</td>\n",
       "      <td>0.259592</td>\n",
       "      <td>0.146755</td>\n",
       "    </tr>\n",
       "    <tr>\n",
       "      <td>Accept</td>\n",
       "      <td>0.943451</td>\n",
       "      <td>1.000000</td>\n",
       "      <td>0.911637</td>\n",
       "      <td>0.192447</td>\n",
       "      <td>0.247476</td>\n",
       "      <td>0.874223</td>\n",
       "      <td>0.441271</td>\n",
       "      <td>-0.025755</td>\n",
       "      <td>0.090899</td>\n",
       "      <td>0.113525</td>\n",
       "      <td>0.200989</td>\n",
       "      <td>0.355758</td>\n",
       "      <td>0.337583</td>\n",
       "      <td>0.176229</td>\n",
       "      <td>-0.159990</td>\n",
       "      <td>0.124717</td>\n",
       "      <td>0.067313</td>\n",
       "    </tr>\n",
       "    <tr>\n",
       "      <td>Enroll</td>\n",
       "      <td>0.846822</td>\n",
       "      <td>0.911637</td>\n",
       "      <td>1.000000</td>\n",
       "      <td>0.181294</td>\n",
       "      <td>0.226745</td>\n",
       "      <td>0.964640</td>\n",
       "      <td>0.513069</td>\n",
       "      <td>-0.155477</td>\n",
       "      <td>-0.040232</td>\n",
       "      <td>0.112711</td>\n",
       "      <td>0.280929</td>\n",
       "      <td>0.331469</td>\n",
       "      <td>0.308274</td>\n",
       "      <td>0.237271</td>\n",
       "      <td>-0.180794</td>\n",
       "      <td>0.064169</td>\n",
       "      <td>-0.022341</td>\n",
       "    </tr>\n",
       "    <tr>\n",
       "      <td>Top10perc</td>\n",
       "      <td>0.338834</td>\n",
       "      <td>0.192447</td>\n",
       "      <td>0.181294</td>\n",
       "      <td>1.000000</td>\n",
       "      <td>0.891995</td>\n",
       "      <td>0.141289</td>\n",
       "      <td>-0.105356</td>\n",
       "      <td>0.562331</td>\n",
       "      <td>0.371480</td>\n",
       "      <td>0.118858</td>\n",
       "      <td>-0.093316</td>\n",
       "      <td>0.531828</td>\n",
       "      <td>0.491135</td>\n",
       "      <td>-0.384875</td>\n",
       "      <td>0.455485</td>\n",
       "      <td>0.660913</td>\n",
       "      <td>0.494989</td>\n",
       "    </tr>\n",
       "    <tr>\n",
       "      <td>Top25perc</td>\n",
       "      <td>0.351640</td>\n",
       "      <td>0.247476</td>\n",
       "      <td>0.226745</td>\n",
       "      <td>0.891995</td>\n",
       "      <td>1.000000</td>\n",
       "      <td>0.199445</td>\n",
       "      <td>-0.053577</td>\n",
       "      <td>0.489394</td>\n",
       "      <td>0.331490</td>\n",
       "      <td>0.115527</td>\n",
       "      <td>-0.080810</td>\n",
       "      <td>0.545862</td>\n",
       "      <td>0.524749</td>\n",
       "      <td>-0.294629</td>\n",
       "      <td>0.417864</td>\n",
       "      <td>0.527447</td>\n",
       "      <td>0.477281</td>\n",
       "    </tr>\n",
       "    <tr>\n",
       "      <td>F.Undergrad</td>\n",
       "      <td>0.814491</td>\n",
       "      <td>0.874223</td>\n",
       "      <td>0.964640</td>\n",
       "      <td>0.141289</td>\n",
       "      <td>0.199445</td>\n",
       "      <td>1.000000</td>\n",
       "      <td>0.570512</td>\n",
       "      <td>-0.215742</td>\n",
       "      <td>-0.068890</td>\n",
       "      <td>0.115550</td>\n",
       "      <td>0.317200</td>\n",
       "      <td>0.318337</td>\n",
       "      <td>0.300019</td>\n",
       "      <td>0.279703</td>\n",
       "      <td>-0.229462</td>\n",
       "      <td>0.018652</td>\n",
       "      <td>-0.078773</td>\n",
       "    </tr>\n",
       "    <tr>\n",
       "      <td>P.Undergrad</td>\n",
       "      <td>0.398264</td>\n",
       "      <td>0.441271</td>\n",
       "      <td>0.513069</td>\n",
       "      <td>-0.105356</td>\n",
       "      <td>-0.053577</td>\n",
       "      <td>0.570512</td>\n",
       "      <td>1.000000</td>\n",
       "      <td>-0.253512</td>\n",
       "      <td>-0.061326</td>\n",
       "      <td>0.081200</td>\n",
       "      <td>0.319882</td>\n",
       "      <td>0.149114</td>\n",
       "      <td>0.141904</td>\n",
       "      <td>0.232531</td>\n",
       "      <td>-0.280792</td>\n",
       "      <td>-0.083568</td>\n",
       "      <td>-0.257001</td>\n",
       "    </tr>\n",
       "    <tr>\n",
       "      <td>Outstate</td>\n",
       "      <td>0.050159</td>\n",
       "      <td>-0.025755</td>\n",
       "      <td>-0.155477</td>\n",
       "      <td>0.562331</td>\n",
       "      <td>0.489394</td>\n",
       "      <td>-0.215742</td>\n",
       "      <td>-0.253512</td>\n",
       "      <td>1.000000</td>\n",
       "      <td>0.654256</td>\n",
       "      <td>0.038855</td>\n",
       "      <td>-0.299087</td>\n",
       "      <td>0.382982</td>\n",
       "      <td>0.407983</td>\n",
       "      <td>-0.554821</td>\n",
       "      <td>0.566262</td>\n",
       "      <td>0.672779</td>\n",
       "      <td>0.571290</td>\n",
       "    </tr>\n",
       "    <tr>\n",
       "      <td>Room.Board</td>\n",
       "      <td>0.164939</td>\n",
       "      <td>0.090899</td>\n",
       "      <td>-0.040232</td>\n",
       "      <td>0.371480</td>\n",
       "      <td>0.331490</td>\n",
       "      <td>-0.068890</td>\n",
       "      <td>-0.061326</td>\n",
       "      <td>0.654256</td>\n",
       "      <td>1.000000</td>\n",
       "      <td>0.127963</td>\n",
       "      <td>-0.199428</td>\n",
       "      <td>0.329202</td>\n",
       "      <td>0.374540</td>\n",
       "      <td>-0.362628</td>\n",
       "      <td>0.272363</td>\n",
       "      <td>0.501739</td>\n",
       "      <td>0.424942</td>\n",
       "    </tr>\n",
       "    <tr>\n",
       "      <td>Books</td>\n",
       "      <td>0.132559</td>\n",
       "      <td>0.113525</td>\n",
       "      <td>0.112711</td>\n",
       "      <td>0.118858</td>\n",
       "      <td>0.115527</td>\n",
       "      <td>0.115550</td>\n",
       "      <td>0.081200</td>\n",
       "      <td>0.038855</td>\n",
       "      <td>0.127963</td>\n",
       "      <td>1.000000</td>\n",
       "      <td>0.179295</td>\n",
       "      <td>0.026906</td>\n",
       "      <td>0.099955</td>\n",
       "      <td>-0.031929</td>\n",
       "      <td>-0.040208</td>\n",
       "      <td>0.112409</td>\n",
       "      <td>0.001061</td>\n",
       "    </tr>\n",
       "    <tr>\n",
       "      <td>Personal</td>\n",
       "      <td>0.178731</td>\n",
       "      <td>0.200989</td>\n",
       "      <td>0.280929</td>\n",
       "      <td>-0.093316</td>\n",
       "      <td>-0.080810</td>\n",
       "      <td>0.317200</td>\n",
       "      <td>0.319882</td>\n",
       "      <td>-0.299087</td>\n",
       "      <td>-0.199428</td>\n",
       "      <td>0.179295</td>\n",
       "      <td>1.000000</td>\n",
       "      <td>-0.010936</td>\n",
       "      <td>-0.030613</td>\n",
       "      <td>0.136345</td>\n",
       "      <td>-0.285968</td>\n",
       "      <td>-0.097892</td>\n",
       "      <td>-0.269344</td>\n",
       "    </tr>\n",
       "    <tr>\n",
       "      <td>PhD</td>\n",
       "      <td>0.390697</td>\n",
       "      <td>0.355758</td>\n",
       "      <td>0.331469</td>\n",
       "      <td>0.531828</td>\n",
       "      <td>0.545862</td>\n",
       "      <td>0.318337</td>\n",
       "      <td>0.149114</td>\n",
       "      <td>0.382982</td>\n",
       "      <td>0.329202</td>\n",
       "      <td>0.026906</td>\n",
       "      <td>-0.010936</td>\n",
       "      <td>1.000000</td>\n",
       "      <td>0.849587</td>\n",
       "      <td>-0.130530</td>\n",
       "      <td>0.249009</td>\n",
       "      <td>0.432762</td>\n",
       "      <td>0.305038</td>\n",
       "    </tr>\n",
       "    <tr>\n",
       "      <td>Terminal</td>\n",
       "      <td>0.369491</td>\n",
       "      <td>0.337583</td>\n",
       "      <td>0.308274</td>\n",
       "      <td>0.491135</td>\n",
       "      <td>0.524749</td>\n",
       "      <td>0.300019</td>\n",
       "      <td>0.141904</td>\n",
       "      <td>0.407983</td>\n",
       "      <td>0.374540</td>\n",
       "      <td>0.099955</td>\n",
       "      <td>-0.030613</td>\n",
       "      <td>0.849587</td>\n",
       "      <td>1.000000</td>\n",
       "      <td>-0.160104</td>\n",
       "      <td>0.267130</td>\n",
       "      <td>0.438799</td>\n",
       "      <td>0.289527</td>\n",
       "    </tr>\n",
       "    <tr>\n",
       "      <td>S.F.Ratio</td>\n",
       "      <td>0.095633</td>\n",
       "      <td>0.176229</td>\n",
       "      <td>0.237271</td>\n",
       "      <td>-0.384875</td>\n",
       "      <td>-0.294629</td>\n",
       "      <td>0.279703</td>\n",
       "      <td>0.232531</td>\n",
       "      <td>-0.554821</td>\n",
       "      <td>-0.362628</td>\n",
       "      <td>-0.031929</td>\n",
       "      <td>0.136345</td>\n",
       "      <td>-0.130530</td>\n",
       "      <td>-0.160104</td>\n",
       "      <td>1.000000</td>\n",
       "      <td>-0.402929</td>\n",
       "      <td>-0.583832</td>\n",
       "      <td>-0.306710</td>\n",
       "    </tr>\n",
       "    <tr>\n",
       "      <td>perc.alumni</td>\n",
       "      <td>-0.090226</td>\n",
       "      <td>-0.159990</td>\n",
       "      <td>-0.180794</td>\n",
       "      <td>0.455485</td>\n",
       "      <td>0.417864</td>\n",
       "      <td>-0.229462</td>\n",
       "      <td>-0.280792</td>\n",
       "      <td>0.566262</td>\n",
       "      <td>0.272363</td>\n",
       "      <td>-0.040208</td>\n",
       "      <td>-0.285968</td>\n",
       "      <td>0.249009</td>\n",
       "      <td>0.267130</td>\n",
       "      <td>-0.402929</td>\n",
       "      <td>1.000000</td>\n",
       "      <td>0.417712</td>\n",
       "      <td>0.490898</td>\n",
       "    </tr>\n",
       "    <tr>\n",
       "      <td>Expend</td>\n",
       "      <td>0.259592</td>\n",
       "      <td>0.124717</td>\n",
       "      <td>0.064169</td>\n",
       "      <td>0.660913</td>\n",
       "      <td>0.527447</td>\n",
       "      <td>0.018652</td>\n",
       "      <td>-0.083568</td>\n",
       "      <td>0.672779</td>\n",
       "      <td>0.501739</td>\n",
       "      <td>0.112409</td>\n",
       "      <td>-0.097892</td>\n",
       "      <td>0.432762</td>\n",
       "      <td>0.438799</td>\n",
       "      <td>-0.583832</td>\n",
       "      <td>0.417712</td>\n",
       "      <td>1.000000</td>\n",
       "      <td>0.390343</td>\n",
       "    </tr>\n",
       "    <tr>\n",
       "      <td>Grad.Rate</td>\n",
       "      <td>0.146755</td>\n",
       "      <td>0.067313</td>\n",
       "      <td>-0.022341</td>\n",
       "      <td>0.494989</td>\n",
       "      <td>0.477281</td>\n",
       "      <td>-0.078773</td>\n",
       "      <td>-0.257001</td>\n",
       "      <td>0.571290</td>\n",
       "      <td>0.424942</td>\n",
       "      <td>0.001061</td>\n",
       "      <td>-0.269344</td>\n",
       "      <td>0.305038</td>\n",
       "      <td>0.289527</td>\n",
       "      <td>-0.306710</td>\n",
       "      <td>0.490898</td>\n",
       "      <td>0.390343</td>\n",
       "      <td>1.000000</td>\n",
       "    </tr>\n",
       "  </tbody>\n",
       "</table>\n",
       "</div>"
      ],
      "text/plain": [
       "                 Apps    Accept    Enroll  Top10perc  Top25perc  F.Undergrad  \\\n",
       "Apps         1.000000  0.943451  0.846822   0.338834   0.351640     0.814491   \n",
       "Accept       0.943451  1.000000  0.911637   0.192447   0.247476     0.874223   \n",
       "Enroll       0.846822  0.911637  1.000000   0.181294   0.226745     0.964640   \n",
       "Top10perc    0.338834  0.192447  0.181294   1.000000   0.891995     0.141289   \n",
       "Top25perc    0.351640  0.247476  0.226745   0.891995   1.000000     0.199445   \n",
       "F.Undergrad  0.814491  0.874223  0.964640   0.141289   0.199445     1.000000   \n",
       "P.Undergrad  0.398264  0.441271  0.513069  -0.105356  -0.053577     0.570512   \n",
       "Outstate     0.050159 -0.025755 -0.155477   0.562331   0.489394    -0.215742   \n",
       "Room.Board   0.164939  0.090899 -0.040232   0.371480   0.331490    -0.068890   \n",
       "Books        0.132559  0.113525  0.112711   0.118858   0.115527     0.115550   \n",
       "Personal     0.178731  0.200989  0.280929  -0.093316  -0.080810     0.317200   \n",
       "PhD          0.390697  0.355758  0.331469   0.531828   0.545862     0.318337   \n",
       "Terminal     0.369491  0.337583  0.308274   0.491135   0.524749     0.300019   \n",
       "S.F.Ratio    0.095633  0.176229  0.237271  -0.384875  -0.294629     0.279703   \n",
       "perc.alumni -0.090226 -0.159990 -0.180794   0.455485   0.417864    -0.229462   \n",
       "Expend       0.259592  0.124717  0.064169   0.660913   0.527447     0.018652   \n",
       "Grad.Rate    0.146755  0.067313 -0.022341   0.494989   0.477281    -0.078773   \n",
       "\n",
       "             P.Undergrad  Outstate  Room.Board     Books  Personal       PhD  \\\n",
       "Apps            0.398264  0.050159    0.164939  0.132559  0.178731  0.390697   \n",
       "Accept          0.441271 -0.025755    0.090899  0.113525  0.200989  0.355758   \n",
       "Enroll          0.513069 -0.155477   -0.040232  0.112711  0.280929  0.331469   \n",
       "Top10perc      -0.105356  0.562331    0.371480  0.118858 -0.093316  0.531828   \n",
       "Top25perc      -0.053577  0.489394    0.331490  0.115527 -0.080810  0.545862   \n",
       "F.Undergrad     0.570512 -0.215742   -0.068890  0.115550  0.317200  0.318337   \n",
       "P.Undergrad     1.000000 -0.253512   -0.061326  0.081200  0.319882  0.149114   \n",
       "Outstate       -0.253512  1.000000    0.654256  0.038855 -0.299087  0.382982   \n",
       "Room.Board     -0.061326  0.654256    1.000000  0.127963 -0.199428  0.329202   \n",
       "Books           0.081200  0.038855    0.127963  1.000000  0.179295  0.026906   \n",
       "Personal        0.319882 -0.299087   -0.199428  0.179295  1.000000 -0.010936   \n",
       "PhD             0.149114  0.382982    0.329202  0.026906 -0.010936  1.000000   \n",
       "Terminal        0.141904  0.407983    0.374540  0.099955 -0.030613  0.849587   \n",
       "S.F.Ratio       0.232531 -0.554821   -0.362628 -0.031929  0.136345 -0.130530   \n",
       "perc.alumni    -0.280792  0.566262    0.272363 -0.040208 -0.285968  0.249009   \n",
       "Expend         -0.083568  0.672779    0.501739  0.112409 -0.097892  0.432762   \n",
       "Grad.Rate      -0.257001  0.571290    0.424942  0.001061 -0.269344  0.305038   \n",
       "\n",
       "             Terminal  S.F.Ratio  perc.alumni    Expend  Grad.Rate  \n",
       "Apps         0.369491   0.095633    -0.090226  0.259592   0.146755  \n",
       "Accept       0.337583   0.176229    -0.159990  0.124717   0.067313  \n",
       "Enroll       0.308274   0.237271    -0.180794  0.064169  -0.022341  \n",
       "Top10perc    0.491135  -0.384875     0.455485  0.660913   0.494989  \n",
       "Top25perc    0.524749  -0.294629     0.417864  0.527447   0.477281  \n",
       "F.Undergrad  0.300019   0.279703    -0.229462  0.018652  -0.078773  \n",
       "P.Undergrad  0.141904   0.232531    -0.280792 -0.083568  -0.257001  \n",
       "Outstate     0.407983  -0.554821     0.566262  0.672779   0.571290  \n",
       "Room.Board   0.374540  -0.362628     0.272363  0.501739   0.424942  \n",
       "Books        0.099955  -0.031929    -0.040208  0.112409   0.001061  \n",
       "Personal    -0.030613   0.136345    -0.285968 -0.097892  -0.269344  \n",
       "PhD          0.849587  -0.130530     0.249009  0.432762   0.305038  \n",
       "Terminal     1.000000  -0.160104     0.267130  0.438799   0.289527  \n",
       "S.F.Ratio   -0.160104   1.000000    -0.402929 -0.583832  -0.306710  \n",
       "perc.alumni  0.267130  -0.402929     1.000000  0.417712   0.490898  \n",
       "Expend       0.438799  -0.583832     0.417712  1.000000   0.390343  \n",
       "Grad.Rate    0.289527  -0.306710     0.490898  0.390343   1.000000  "
      ]
     },
     "execution_count": 6,
     "metadata": {},
     "output_type": "execute_result"
    }
   ],
   "source": [
    "data.corr()"
   ]
  },
  {
   "cell_type": "code",
   "execution_count": 7,
   "metadata": {},
   "outputs": [
    {
     "data": {
      "text/plain": [
       "Apps           1.497846e+07\n",
       "Accept         6.007960e+06\n",
       "Enroll         8.633684e+05\n",
       "Top10perc      3.111825e+02\n",
       "Top25perc      3.922292e+02\n",
       "F.Undergrad    2.352658e+07\n",
       "P.Undergrad    2.317799e+06\n",
       "Outstate       1.618466e+07\n",
       "Room.Board     1.202743e+06\n",
       "Books          2.725978e+04\n",
       "Personal       4.584258e+05\n",
       "PhD            2.666086e+02\n",
       "Terminal       2.167478e+02\n",
       "S.F.Ratio      1.566853e+01\n",
       "perc.alumni    1.535567e+02\n",
       "Expend         2.726687e+07\n",
       "Grad.Rate      2.950737e+02\n",
       "dtype: float64"
      ]
     },
     "execution_count": 7,
     "metadata": {},
     "output_type": "execute_result"
    }
   ],
   "source": [
    "data.var()"
   ]
  },
  {
   "cell_type": "code",
   "execution_count": 8,
   "metadata": {},
   "outputs": [],
   "source": [
    "Y = data['Private']"
   ]
  },
  {
   "cell_type": "code",
   "execution_count": 9,
   "metadata": {},
   "outputs": [],
   "source": [
    "data.drop(columns = ['Private'], inplace = True, axis = 1)"
   ]
  },
  {
   "cell_type": "code",
   "execution_count": 10,
   "metadata": {},
   "outputs": [
    {
     "data": {
      "text/plain": [
       "0      Yes\n",
       "1      Yes\n",
       "2      Yes\n",
       "3      Yes\n",
       "4      Yes\n",
       "      ... \n",
       "772     No\n",
       "773    Yes\n",
       "774    Yes\n",
       "775    Yes\n",
       "776    Yes\n",
       "Name: Private, Length: 777, dtype: object"
      ]
     },
     "execution_count": 10,
     "metadata": {},
     "output_type": "execute_result"
    }
   ],
   "source": [
    "Y"
   ]
  },
  {
   "cell_type": "code",
   "execution_count": 11,
   "metadata": {},
   "outputs": [
    {
     "data": {
      "text/html": [
       "<div>\n",
       "<style scoped>\n",
       "    .dataframe tbody tr th:only-of-type {\n",
       "        vertical-align: middle;\n",
       "    }\n",
       "\n",
       "    .dataframe tbody tr th {\n",
       "        vertical-align: top;\n",
       "    }\n",
       "\n",
       "    .dataframe thead th {\n",
       "        text-align: right;\n",
       "    }\n",
       "</style>\n",
       "<table border=\"1\" class=\"dataframe\">\n",
       "  <thead>\n",
       "    <tr style=\"text-align: right;\">\n",
       "      <th></th>\n",
       "      <th>University</th>\n",
       "      <th>Apps</th>\n",
       "      <th>Accept</th>\n",
       "      <th>Enroll</th>\n",
       "      <th>Top10perc</th>\n",
       "      <th>Top25perc</th>\n",
       "      <th>F.Undergrad</th>\n",
       "      <th>P.Undergrad</th>\n",
       "      <th>Outstate</th>\n",
       "      <th>Room.Board</th>\n",
       "      <th>Books</th>\n",
       "      <th>Personal</th>\n",
       "      <th>PhD</th>\n",
       "      <th>Terminal</th>\n",
       "      <th>S.F.Ratio</th>\n",
       "      <th>perc.alumni</th>\n",
       "      <th>Expend</th>\n",
       "      <th>Grad.Rate</th>\n",
       "    </tr>\n",
       "  </thead>\n",
       "  <tbody>\n",
       "    <tr>\n",
       "      <td>0</td>\n",
       "      <td>Abilene Christian University</td>\n",
       "      <td>1660</td>\n",
       "      <td>1232</td>\n",
